Jean                            
Hayward                         
0                               
9546321555                      
0                               
0                               
0                               
0.01                            
0                             

Marlon                          
Brando                          
5                               
5612971340                      
50                              
2                               
0.02                            
0.01                            
2.02                          

John                            
Kennedy                         
8                               
3051234567                      
25                              
1.6                             
0.048                           
0.03                            
1.648                         

Hillary                         
Clinton                         
24                              
7542346622                      
17                              
3.264                           
0.26112                         
0.08                            
3.52512                       

George                          
Bush                            
15                              
3054432762                      
30                              
3.6                             
0.18                            
0.05                            
3.78                          

Barack                          
Obama                           
50                              
9544321011                      
100                             
40                              
3.2                             
0.08                            
43.2                          

Donald                          
Trump                           
87                              
8776219988                      
82                              
57.072                          
6.84864                         
0.12                            
63.9206                       

Bernie                          
Sanders                         
4                               
9042224556                      
5                               
0.16                            
0.0016                          
0.01                            
0.1616                        

Harry                           
Ford                            
11                              
7877176590                      
1                               
0.088                           
0.00264                         
0.03                            
0.09064                       

Michelle                        
Obama                           
20                              
5617278899                      
45                              
7.2                             
0.36                            
0.05                            
7.56                          

Ann                             
Dunham                          
4                               
9546321555                      
3                               
0.096                           
0.00096                         
0.01                            
0.09696                       

Vladimir                        
Putin                           
79                              
5612971340                      
86                              
54.352                          
6.52224                         
0.12                            
60.8742                       

Harriet                         
Tubman                          
8                               
3051234567                      
25                              
1.6                             
0.048                           
0.03                            
1.648                         

Oprah                           
Winfrey                         
24                              
5611234444                      
118                             
22.656                          
1.81248                         
0.08                            
24.4685                       

Charlotte                       
Ray                             
115                             
3054432762                      
25                              
23                              
2.76                            
0.12                            
25.76                         

Tina                            
Turner                          
265                             
8776219988                      
22                              
46.64                           
5.5968                          
0.12                            
52.2368                       

Shirley                         
Chisholm                        
2                               
9042224556                      
5                               
0.08                            
0.0008                          
0.01                            
0.0808                        

Maritza                         
Correla                         
89                              
7877176590                      
67                              
47.704                          
5.72448                         
0.12                            
53.4285                       

Margaret                        
Thatcher                        
40                              
5617278899                      
56                              
17.92                           
1.4336                          
0.08                            
19.3536                       

